"accession"	"plant_name"	"yLT50ACC"	"yLT50NAC"	"glc"	"frc"	"suc"	"raf"	"aa"	"mal"	"fum"	"pro"	"antho"	"bbch"	"anthoscore"
"1"	"Akita"	"[At.Akita.n].2.1-3"	-9.344	-4.742	24.445298	20.008404	27.273148	3.782456	12.10565544	21.67697726	2.332595308	0.108698875	5.0625	52	3
"2"	"Akita"	"[At.Akita.n].2.1-4"	-9.344	-4.742	12.168366	12.706198	12.311734	2.272946	8.475075091	13.14118445	1.218194375	0.041051171	4.545	53	3
"3"	"Alc-0"	"[At.Alc-0. n].3-3"	-5.907	-5.257	16.507944	13.634394	17.284768	1.806442	21.01997937	25.01228181	5.327618796	0.215663194	2.2275	59	3
"4"	"Alc-0"	"[At.Alc-0. n].3-4"	-5.907	-5.257	14.788234	13.056986	20.486306	1.989146	13.66490908	26.98277433	2.989257881	0.082102342	2.655	59	3
"5"	"Bl-1"	"[At.Bl-1.n].22.4-3"	-9.195	-6.058	12.197132	8.447056	26.17372	2.225566	16.78696011	27.10810176	3.388056118	0.17750295	3.8925	55	3
"6"	"Bl-1"	"[At.Bl-1.n].22.4-4"	-9.195	-6.058	8.37678	5.900796	18.104648	1.982682	11.87708303	29.18148285	3.35311946	0.101760649	3.465	53	4
"7"	"Bla-1"	"[At.Bla-1.n].102.1-3"	-8.316	-6.175	16.243168	9.640846	18.29639	2.009656	13.78362391	24.61855988	4.447409572	0.170564724	3.375	59	3
"8"	"Bla-1"	"[At.Bla-1.n].102.1-4"	-8.316	-6.175	7.964522	3.911482	10.586808	1.545312	9.826489777	19.92866603	2.755846332	0.148593675	3.9375	55	4
"9"	"Blh-1"	"[At.Blh-1.NULL].81-3"	-9.413	-6.212	23.806514	17.118646	29.375212	4.529816	9.32689644	14.5763304	1.356443534	0.098291536	4.5	55	3
"10"	"Blh-1"	"[At.Blh-1.NULL].81-4"	-9.413	-6.212	21.531264	15.62653	22.103496	3.548846	8.974839638	12.29208361	4.642179504	0.094822423	3.78	52	3
"11"	"Bur-0"	"[At.Bur-0.n].32-3"	-9.445	-6.186	20.846878	19.028088	35.670944	2.141566	12.20677729	21.38747152	1.640224143	0.175768394	2.835	51	2
"12"	"Bur-0"	"[At.Bur-0.n].32-4"	-9.445	-6.186	18.224996	19.092984	30.441648	2.230922	14.61334558	20.45251712	5.637488042	0.189066661	2.52	53	2
"13"	"C24"	"[At.C24.n].728.1-3"	-5.93	-4.612	35.947006	13.778952	13.620008	1.182818	18.35235265	26.31000418	5.552655261	0.25093251	1.6425	65	2
"14"	"C24"	"[At.C24.n].728.1-4"	-5.93	-4.612	28.330444	11.453402	12.474184	1.493574	13.26541425	32.2204621	5.357224174	0.123731698	1.665	63	2
"15"	"C24"	"[At.C24.n].728.1-5"	-5.93	-4.612	46.454268	18.468964	18.747942	1.632496	8.541828598	25.8715714	0.470904892	0.053771252	2.88	63	2
"16"	"C24"	"[At.C24.n].728.1-6"	-5.93	-4.612	30.913808	13.774652	12.21819	1.5785	10.04418864	17.6138922	4.312033784	0.09135331	2.0925	63	1
"17"	"C24"	"[At.C24.n].728.1-7"	-5.93	-4.612	17.386606	8.00905	9.42826	0.82188	30.98686175	20.18883182	4.506651704	0.482784898	1.1025	61	1
"18"	"Can-0"	"[At.Can-0.n].53-3"	-5.774	-4.276	16.417988	8.609722	12.885232	1.308418	16.55436868	22.7815808	12.3235819	0.13124811	1.8675	59	2
"19"	"Can-0"	"[At.Can-0.n].53-4"	-5.774	-4.276	7.548922	3.835018	6.695752	0.898512	11.67740736	13.17915268	6.047752744	0.063600406	2.2275	53	4
"20"	"Co"	"[At.Co.n].2.11-3"	-6.497	-4.608	25.859626	8.243376	15.315594	1.292006	20.81266951	21.46425598	7.692985031	0.174612023	2.61	63	2
"21"	"Co"	"[At.Co.n].2.11-4"	-6.497	-4.608	11.590762	6.289456	11.170028	0.723094	19.81510155	15.76270422	11.75354807	0.252667066	2.475	63	1
"22"	"Col-0"	"[At.Col-0.NULL].84-3"	-9.675	-5.341	21.990614	11.809324	13.656664	2.313956	11.40534943	18.15406504	4.709401292	0.085571455	4.725	55	4
"23"	"Col-0"	"[At.Col-0.NULL].84-4"	-9.675	-5.341	26.27193	14.242622	18.14381	3.28021	9.618708229	20.77745672	7.486365903	0.081524156	6.9525	55	5
"24"	"Col-0"	"[At.Col-0-G1.n].1-1.1-3"	-9.675	-5.341	30.940124	14.919492	17.813774	3.81944	11.64632949	20.46255007	10.54062039	0.215085008	7.0875	55	4
"25"	"Col-0"	"[At.Col-0-G1.n].1-1.1-4"	-9.675	-5.341	21.352338	11.106636	15.233892	2.882856	10.55062329	21.13837305	4.468974976	0.136451779	8.64	55	5
"26"	"Col-0"	"[At.Col-0-G1.n].1-1.1-5"	-9.675	-5.341	21.655644	9.875002	13.49016	2.416608	10.55438861	19.45486539	16.71635116	0.085571455	5.445	59	3
"27"	"Col-0"	"[At.Col-0-G1.n].1-1.1-6"	-9.675	-5.341	21.68576	13.297766	18.840544	3.47655	11.00057824	21.47992125	8.087567222	0.121997142	7.3125	53	5
"28"	"Col-0"	"[At.Col-0-G1.n].1-1.1-7"	-9.675	-5.341	19.55581	9.483236	12.144264	2.352718	9.646948079	14.01919275	4.888026932	0.086727826	7.1775	55	4
"29"	"Ct-1"	"[At.Ct-1.n].3-3"	-10.03	-6.04	22.19557	13.26731	13.508384	2.305806	9.93724448	14.17508098	4.904650478	0.098869722	3.375	59	3
"30"	"Ct-1"	"[At.Ct-1.n].3-4"	-10.03	-6.04	21.548708	10.739726	11.136254	1.8333	8.715188351	13.83546287	5.857673334	0.068804075	2.7	55	3
"31"	"Cvi-G1"	"[At.Cvi-G1.n].1.1-3"	-7.467	-4.98	15.250444	12.46103	12.895722	1.870024	14.47255571	19.39028525	9.090057335	0.0797896	3.0825	55	3
"32"	"Cvi-G1"	"[At.Cvi-G1.n].1.1-4"	-7.467	-4.98	16.879518	8.65409	13.083226	1.727816	15.40552329	16.35328553	11.64114223	0.11448073	2.2725	63	3
"33"	"Edi-0"	"[At.Edi-0.NULL].39-3"	-8.906	-4.97	21.697814	12.769166	15.701676	3.702306	8.667966596	17.80284499	1.729687093	0.077476858	6.345	55	3
"34"	"Edi-0"	"[At.Edi-0.NULL].39-4"	-8.906	-4.97	26.60058	13.393646	20.376054	2.253952	9.421029275	15.1940197	2.299445962	0.531930666	4.455	51	3
"35"	"En-T"	"[At.Enkheim-T. n].2-3"	-10.7	-6.1	23.719592	10.040172	14.281402	2.411428	14.51948566	24.50691186	6.777513291	0.141655449	5.4	59	5
"36"	"En-T"	"[At.Enkheim-T. n].2-4"	-10.7	-6.1	17.617666	10.729042	12.441926	1.507686	17.28272164	26.27306138	7.510695531	0.097135165	2.5875	55	4
"37"	"Ge-0"	"[At.Ge-0. n].2-3"	-6.375	-5.069	39.3445	23.43721	17.867112	2.836382	8.763995509	18.59231593	4.987090709	0.169408353	3.69	63	4
"38"	"Ge-0"	"[At.Ge-0. n].2-4"	-6.375	-5.069	29.584102	19.451144	14.000566	1.92388	9.143113926	17.53556177	7.829395488	0.125466255	1.9125	61	3
"39"	"Gre-0"	"[At.Gre-0.NULL].39-3"	-9.357	-5.113	17.011182	10.074816	12.631616	2.487206	12.33161653	19.05033782	4.136118701	0.094822423	3.5775	53	4
"40"	"Gre-0"	"[At.Gre-0.NULL].39-4"	-9.357	-5.113	28.223732	24.068254	20.67462	2.278948	12.97925043	26.29063117	6.884351418	0.123153513	2.565	52	3
"41"	"Ishikawa"	"[At.Ishikawa.n].2-3"	-8.695	-5.859	17.841818	15.773438	17.220818	2.100552	10.80075572	8.394403471	2.766907298	0.093087866	5.5575	53	3
"42"	"Ishikawa"	"[At.Ishikawa.n].2-4"	-8.695	-5.859	18.052102	13.15901	19.207788	1.094294	14.7034511	23.39933553	14.84068801	0.200630371	1.755	53	2
"43"	"Jea"	"[At.Jea.NULL].38-3"	-8.147	-5.122	31.97276	14.350222	18.941152	3.014322	10.05171927	21.20377039	0.188193902	0.093666052	5.58	63	5
"44"	"Jea"	"[At.Jea.NULL].38-4"	-8.147	-5.122	31.066748	9.713194	16.528232	2.348364	10.57509783	28.22606122	4.995636005	0.142233635	3.645	61	3
"45"	"Jm-0"	"[At.Jm-0.n].2-3"	-8.448	-5.489	25.155712	12.048138	31.711352	3.160348	13.76297473	17.68576527	3.706588059	0.223757791	5.3325	55	4
"46"	"Jm-0"	"[At.Jm-0.n].2-4"	-8.448	-5.489	19.647216	8.594052	29.781542	3.035162	10.27514018	13.85079624	2.372265819	0.13760815	6.4575	53	5
"47"	"Kn-0"	"[At.Kn-0.n].2.1-3"	-11.56	-6.567	11.669892	4.518946	11.191394	1.149134	18.88840877	3.386019481	0.221198783	0.112167988	1.845	55	2
"48"	"Kn-0"	"[At.Kn-0.n].2.1-4"	-11.56	-6.567	4.910464	2.665244	9.640802	1.159658	12.52913455	11.441084	10.96759715	0.05666218	3.825	53	2
"49"	"Kondara"	"[At.Kondara.x].2-3"	-9.133	-5.514	19.492322	15.715058	14.386068	1.461592	9.942876075	20.27682852	11.15756182	0.07458593	1.0125	63	3
"50"	"Kondara"	"[At.Kondara.x].2-4"	-9.133	-5.514	10.169584	8.915526	6.89747	1.423326	7.778466372	6.964953433	3.652768469	0.02833109	1.2375	50	2
"51"	"La-er"	"[At.La_er.n].37.1-3"	-8.937	-6.026	7.906874	7.315994	11.985194	1.80414	9.589587066	11.7464852	12.18752042	0.104651577	3.6225	52	4
"52"	"La-er"	"[At.La_er.n].37.1-4"	-8.937	-6.026	7.909814	6.243418	11.761704	1.495252	13.739328	18.85508368	15.27404616	0.120262585	2.34	55	3
"53"	"Lip-0"	"[At.Lip-0. n].2-3"	-7.581	-4.973	24.23662	15.194676	17.157252	1.546198	15.12206634	22.9972842	8.253453497	0.104073391	1.1925	53	3
"54"	"Lip-0"	"[At.Lip-0. n].2-4"	-7.581	-4.973	15.828806	15.317462	14.377654	2.118046	7.185271692	9.872560726	2.5	0.052614881	3.4875	52	2
"55"	"Mh-1"	"[At.Mh-1.n].2-3"	-8.412	-4.921	17.563246	11.735404	11.626616	1.253698	14.76164425	19.89171791	11.14878198	0.260761663	0.9	55	2
"56"	"Mh-1"	"[At.Mh-1.n].2-4"	-8.412	-4.921	9.875962	6.909094	9.92063	1.426034	10.61866748	10.06745305	4.302369914	0.073429559	3.015	53	3
"57"	"Ms-0"	"[At.Ms-0.n].3.8"	-11.89	-7.715	29.114198	14.161696	22.731888	3.107562	12.35797372	23.69875605	6.36934578	0.054349438	2.4975	55	4
"58"	"Ms-0"	"[At.Ms-0.n].3.9"	-11.89	-7.715	33.063104	21.34506	23.646746	2.276792	16.46593064	28.95033626	20.01184513	0.184441176	1.1025	55	3
"59"	"Mt-0"	"[At.Mt-0.n].2.4"	-8.162	-5.552	31.1484	24.136644	19.262196	2.91369	12.28266746	25.7383441	8.61422825	0.121997142	2.925	53	3
"60"	"Mt-0"	"[At.Mt-0.n].2.5"	-8.162	-5.552	29.769108	19.077994	18.279282	3.227246	11.3808749	26.00237096	6.271494709	0.157266458	3.1275	55	3
"61"	"N13"	"[At.N13. n].2-3"	-11.9	-5.523	20.483418	14.951824	16.059132	3.065118	13.92441379	15.5006237	8.112976095	0.146859119	3.06	55	3
"62"	"N13"	"[At.N13. n].2-4"	-11.9	-5.523	22.025612	15.591	18.450858	2.4959	16.7571061	15.09470202	7.930535959	0.136451779	2.61	53	2
"63"	"N14"	"[At.N14.NULL].31-3"	-12.1	-7.346	21.233794	14.008808	14.723528	2.392108	9.396554738	24.55383065	2.956213679	0.058974922	3.1725	55	3
"64"	"N14"	"[At.N14.NULL].31-4"	-12.1	-7.346	25.7936	21.839422	16.98822	2.166774	13.30306739	26.00722642	0.360585263	0.09135331	0.9	52	1
"65"	"N6"	"[At.N6.n].2-3"	-11.83	-7.344	17.403744	11.74214	12.325966	1.649164	12.72300684	19.82008467	11.62358256	0.123731698	1.575	55	2
"66"	"N6"	"[At.N6.n].2-4"	-11.83	-7.344	18.63175	16.851272	24.609822	2.190868	12.76055081	21.20419026	9.201118207	0.164204684	1.8675	53	3
"67"	"N7"	"[At.N7.n].2-3"	-10.14	-6.676	24.531232	13.621424	13.927614	1.550478	19.80567623	19.5066073	16.4872115	0.137029965	1.4625	52	3
"68"	"N7"	"[At.N7.n].2-4"	-10.14	-6.676	26.320014	16.004768	16.666334	2.924828	8.672012789	15.07082427	3.075686853	0.067647704	6.435	53	5
"69"	"Nd-0"	"[At.Nd-0.n].138-3"	-10.18	-6.358	21.852112	13.676292	14.554596	2.118024	16.68996678	23.67696019	18.24429157	0.186753918	1.485	55	3
"70"	"Nd-0"	"[At.Nd-0.n].138-4"	-10.18	-6.358	16.305534	13.167448	14.879702	1.27161	20.39503517	28.28419978	18.74493126	0.311063802	0.6975	51	1
"71"	"Nok-1"	"[At.Nok-1.n].2-3"	-11.76	-6.657	18.40375	12.709264	13.047078	1.453384	13.02711297	24.81038553	11.05528078	0.124888069	2.1375	53	3
"72"	"Nok-1"	"[At.Nok-1.n].2-4"	-11.76	-6.657	14.328832	10.35435	14.819128	2.196418	10.73880818	21.89584121	3.131787571	0.093666052	3.5775	50	3
"73"	"Oy-1"	"[At.Oy-1.n].32.1-3"	-11.48	-7.199	6.512374	5.685926	12.808372	1.99682	12.0866366	13.33242285	1.658924382	0.173455652	6.1875	52	5
"74"	"Oy-1"	"[At.Oy-1.n].32.1-4"	-11.48	-7.199	17.641146	12.686228	17.661422	2.67987	13.82867667	20.85215741	2.810806485	0.129513553	6.0975	53	4
"75"	"Pi-0"	"[At.Pi-0. n].2-3"	-8.378	-6.607	24.74425	18.346688	13.60233	2.324844	12.67088488	25.98370077	8.95007741	0.12604444	2.3175	59	4
"76"	"Pi-0"	"[At.Pi-0. n].2-4"	-8.378	-6.607	13.481812	11.018844	14.02586	2.504468	13.76767807	19.26076559	3.001378341	0.111589803	4.05	55	4
"77"	"Pyl-1"	"[At.Pyl-1.n].2.1-3"	-6.964	-5.307	22.763856	22.074522	31.54027	1.587724	16.52295012	18.55002253	6.852796342	0.200630371	3.96	53	3
"78"	"Pyl-1"	"[At.Pyl-1.n].2.1-4"	-6.964	-5.307	20.491462	21.601258	34.151624	1.50521	19.12584057	19.48348445	5.335939998	0.232430573	3.0375	55	3
"79"	"Ran"	"[At.Ran.n].2-3"	-6.344	-5.885	20.827306	12.010016	11.58433	1.546004	12.77932279	24.43221195	10.84650113	0.209881339	2.6775	61	3
"80"	"Ran"	"[At.Ran.n].2-4"	-6.344	-5.885	12.831578	8.843362	9.208596	1.01997	7.556956966	11.3521773	2.28104575	0.078055043	4.05	61	3
"81"	"Ri-0"	"[At.Ri-0.n].2-3"	-9.009	-5.985	14.352534	5.218044	7.760092	1.465132	9.246435486	13.48262635	1.796324767	0.059553107	4.095	59	3
"82"	"Ri-0"	"[At.Ri-0.n].2-4"	-9.009	-5.985	16.598598	6.096402	13.0077	1.242288	12.52026942	24.36364538	7.966795873	0.118528029	2.925	55	4
"83"	"Rld-2"	"[At.Rld-2. n].2-3"	-9.082	-4.777	14.344126	6.870022	17.936638	1.245392	18.40468576	29.86230351	16.22635917	0.263652591	1.4625	55	2
"84"	"Rld-2"	"[At.Rld-2. n].2-4"	-9.082	-4.777	20.243778	11.518256	18.38807	1.61785	16.61154408	23.84048904	17.28110761	0.252088881	1.305	55	3
"85"	"Rsch-0"	"[At.Rsch-0.n].2.11-3"	-10.98	-5.23	25.96457	23.436726	33.38183	3.855986	11.0726499	17.52295434	2.215189967	0.129513553	4.995	55	4
"86"	"Rsch-0"	"[At.Rsch-0.n].2.11-4"	-10.98	-5.23	16.626216	14.395968	20.087374	3.151856	10.27176053	15.62257389	1.81639173	0.047411212	3.96	52	4
"87"	"Rubezhnoe-1"	"[At.Rubezhnoe-1.n].2-3"	-10.71	-6.188	19.130362	10.84389	13.218338	2.226536	11.60982821	9.115409881	3.304307306	0.080367785	3.9375	53	3
"88"	"Rubezhnoe-1"	"[At.Rubezhnoe-1.n].2-4"	-10.71	-6.188	21.444316	11.474818	11.283546	2.037012	9.242681089	11.46075865	6.623693795	0.073429559	2.925	55	3
"89"	"Sah-0"	"[At.Sah-0. n].2-3"	-5.401	-4.713	15.35881	9.792608	12.71103	2.314722	12.1765306	17.00218882	5.582396235	0.13124811	3.1275	55	3
"90"	"Sah-0"	"[At.Sah-0. n].2-4"	-5.401	-4.713	13.438722	13.555884	15.271148	1.729352	8.641631729	12.98094169	1.183020263	0.09135331	5.1525	55	3
"91"	"Sap-0"	"[At.Sap-0.n].3-3"	-8.679	-5.372	20.114866	10.069434	14.255894	1.826726	9.940998877	21.47991583	6.7137733	0.162470127	2.835	55	4
"92"	"Sap-0"	"[At.Sap-0.n].3-4"	-8.679	-5.372	18.04275	9.84518	11.098632	1.581402	5.70416219	15.12245011	3.249347152	0.076898672	4.0725	55	5
"93"	"Sav-0"	"[At.Sav-0.NULL].31-3"	-9.203	-5.904	17.779804	12.681046	13.306464	1.475846	14.2764009	24.5514078	12.0417263	0.141077263	1.305	53	2
"94"	"Sav-0"	"[At.Sav-0.NULL].31-4"	-9.203	-5.904	15.07913	10.575052	11.573806	3.36665	8.961661041	20.86949561	2.01321125	0.071116817	6.66	55	4
"95"	"Sha"	"[At.Sha.n].3.1-3"	-8.967	-6.278	11.721208	7.584808	12.837962	0.777164	24.12785537	12.17869601	6.518931611	0.349224046	1.1925	55	2
"96"	"Sha"	"[At.Sha.n].3.1-4"	-8.967	-6.278	14.360418	12.29722	12.328992	0.78911	11.68926384	13.20626842	15.22651413	0.041051171	0.855	51	3
"97"	"Sp-0"	"[At.Sp-0.n].2-3"	-10.25	-5.278	14.624412	9.424638	15.284776	1.578858	11.78816206	21.56848979	7.271014112	0.149750046	3.15	55	4
"98"	"Sp-0"	"[At.Sp-0.n].2-4"	-10.25	-5.278	20.86964	17.276696	13.608664	1.610124	7.785975166	16.52349642	6.81491377	0.158422829	5.5125	59	5
"99"	"St-0"	"[At.St-0.n].23-1"	-10.34	-6.259	21.231766	16.20775	21.557374	3.421248	13.39128945	16.0836933	2.317305665	0.071116817	3.8925	53	3
"100"	"St-0"	"[At.St-0.n].23-2"	-10.34	-6.259	7.16605	5.393752	12.299882	1.38134	15.42429527	23.25913572	3.687887819	0.081524156	2.0925	51	2
"101"	"Stw-0"	"[At.Stw-0.n].1.1-3"	-11.38	-6.922	30.48081	21.91827	21.031282	3.782906	11.172441	18.31965703	5.023350624	0.120840771	4.5	55	3
"102"	"Stw-0"	"[At.Stw-0.n].1.1-4"	-11.38	-6.922	16.68798	13.44228	14.975464	3.223744	9.06997884	10.77911139	3.541707597	0.074007745	5.31	53	3
"103"	"Ta-0"	"[At.Ta-0.n].2-3"	-11.16	-7.498	20.987584	15.575208	14.648656	2.692862	13.42883342	20.61337996	3.77032805	0.105229762	4.2525	53	4
"104"	"Ta-0"	"[At.Ta-0.n].2-4"	-11.16	-7.498	6.548738	5.426108	5.542414	1.152478	3.66177038	7.155171721	1.760064852	0.033534759	3.0825	53	4
"105"	"Te-0"	"[At.Te.n].1.192-3"	-10.87	-7.001	11.6504	8.67581	20.623002	2.617454	14.80777112	22.85892005	4.057551511	0.152062788	4.8375	53	3
"106"	"Te-0"	"[At.Te.n].1.192-4"	-10.87	-7.001	15.341932	8.767596	14.523216	2.10437	13.69654264	34.57009645	9.10944683	0.149750046	1.1475	52	2
"107"	"Tsu-9"	"[At.Tsu-0.n].2.2-3"	-10.78	-5.443	31.517336	20.614924	21.788696	3.317066	9.844627032	28.88251607	4.451898473	0.157266458	3.735	59	3
"108"	"Yo-0"	"[At.Yo-0. n].11-3"	-10.08	-5.595	18.131868	15.03719	17.372874	2.938342	15.87106848	14.00406641	3.632927665	0.172299281	7.1775	52	4
"109"	"Yo-0"	"[At.Yo-0. n].11-4"	-10.08	-5.595	20.094094	13.24104	15.138778	2.100214	10.77259775	23.10586555	6.074092257	0.093666052	3.78	51	4
