versuch_id	sample_id	plant_id	accession	plant_name	glucose	fructose	sucrose	raffinose	amino_acids	malate	fumarate	fumarate_withNAs	proline	LT50NAC	LT50ACC	bbch_id	antho_value	anthoscore	number1	date1	aliquot_id	date2	number2
105	81438	642865	Akita	[At.Akita.n].2.1-1	14.83309475	12.95912099	7.360693878	1.004323615	10.1015	7.665132299	1.403983433	1.403983433	0.052787096	-4.742	-9.344	51	hoch	4	34	01. Apr 09	642865	22. Jan 09	41
105	81439	642866	Akita	[At.Akita.n].2.1-2	0.246785851	15.72170746	8.572435946	1.37633652	6.6954	6.661248198	0.715348757	0.715348757	0.122719992	-4.742	-9.344	51	mittel	3	35	01. Apr 09	642866	22. Jan 09	31
105	81440	642863	Alc-0	[At.Alc-0. n].3-1	8.93297079	8.512017182	0.772396907	0.522725086	12.0849	1.514276887	-0.481654402	NA	0.141603778	-5.257	-5.907	52	gering	2	12	01. Apr 09	642863	22. Jan 09	13
105	81441	642864	Alc-0	[At.Alc-0. n].3-2	7.541720588	8.159334967	7.387702614	1.067003268	8.5098	5.885832251	-1.7412797	NA	0.046111676	-5.257	-5.907	52	mittel	3	17	01. Apr 09	642864	22. Jan 09	20
105	81442	642861	Be-0	[At.Be-0.n].2.1-1	7.369521101	4.006159633	6.620337615	0.663502752	7.5496	14.20643649	-3.636501913	NA	0.06965158	-4.633	-5.706	63	gering	2	37	01. Apr 09	642861	22. Jan 09	47
105	81443	642862	Be-0	[At.Be-0.n].2.1-2	8.092911504	4.379176991	6.822617699	0.525125664	10.0742	23.75352447	-4.086935706	NA	0.142328315	-4.633	-5.706	63	gering	2	18	01. Apr 09	642862	22. Jan 09	15
105	81444	642859	Bl-1	[At.Bl-1.n].22.4-1	3.154896272	2.893661264	7.510784441	0.980298217	5.6453	9.289249395	-2.257517516	NA	0.037238017	-6.058	-9.195	61	hoch	4	24	01. Apr 09	642859	22. Jan 09	28
105	81445	642860	Bl-1	[At.Bl-1.n].22.4-2	3.828958416	3.603992079	6.774310891	0.944873267	8.8852	16.50295156	-2.887788779	NA	0.058849052	-6.058	-9.195	51	mittel	3	13	01. Apr 09	642860	22. Jan 09	11
105	81446	642807	Bla-1	[At.Bla-1.n].102.1-1	5.434768199	4.094191571	5.771262452	1.077745211	3.6089	12.79279524	-2.166873951	NA	0.080853735	-6.175	-8.316	53	hoch	4	37	01. Apr 09	642807	22. Jan 09	44
105	81447	642808	Bla-1	[At.Bla-1.n].102.1-2	4.5325	2.965067138	6.864399293	1.017240283	8.3773	20.78549453	-3.039069679	NA	0.103689628	-6.175	-8.316	52	gering	2	20	01. Apr 09	642808	22. Jan 09	19
105	81448	642656	Bla-11	[At.Bla-11.n].115-1	13.19828832	12.35769343	10.49193431	1.629768248	5.2398	15.20801193	1.279840384	1.279840384	0.041015295	NA	NA	53	mittel	3	30	01. Apr 09	642656	22. Jan 09	37
105	81449	642657	Bla-11	[At.Bla-11.n].115-2	12.75291837	8.645779221	13.42081076	1.58742115	8.418	21.60722333	2.151146037	2.151146037	0.121393773	NA	NA	52	mittel	3	25	01. Apr 09	642657	22. Jan 09	24
105	81450	642678	Blh-1	[At.Blh-1.NULL].81-1	8.103053678	8.234574553	7.962829026	0.899007952	5.841	10.45383848	1.524448423	1.524448423	0.051635601	-6.212	-9.413	53	mittel	3	45	01. Apr 09	642678	22. Jan 09	39
105	81451	642679	Blh-1	[At.Blh-1.NULL].81-2	13.53877365	12.78704054	12.06112838	1.7564375	4.2967	11.47995886	1.516364205	1.516364205	0.069184057	-6.212	-9.413	51	mittel	3	26	01. Apr 09	642679	22. Jan 09	21
105	81452	642658	Br-0	[At.Br-0.n].102-1	17.12969856	16.28448014	13.92006318	1.415252708	5.7923	20.80865857	-1.805447924	NA	0.148760648	NA	NA	52	hoch	4	37	01. Apr 09		22. Jan 09	NA
105	81453	642659	Br-0	[At.Br-0.n].102-2	17.07619101	12.0367175	8.865752809	1.61053451	7.027	14.13672015	-0.975197421	NA	0.187999473	NA	NA	61	hoch	4	24	01. Apr 09		22. Jan 09	NA
105	81454	642857	Bsch-2	[At.Bsch-2.n].2.1-1	16.42289662	12.99836466	7.521580827	1.103116541	10.4281	16.99956714	-0.28088874	NA	0.084126766	-5.431	-9.132	50	hoch	4	40	01. Apr 09	642857	22. Jan 09	32
105	81455	642858	Bsch-2	[At.Bsch-2.n].2.1-2	22.52008022	17.85472201	8.02558209	1.635960821	6.6431	17.9762171	-2.354474356	NA	0.044263189	-5.431	-9.132	52	hoch	4	37	01. Apr 09	642858	22. Jan 09	34
105	81456	642654	Bsch-2	[At.Bsch-2.n].78-1	6.581539474	4.532539474	4.270695724	0.339794408	4.3777	10.78872136	-1.42981595	NA	0.042307516	-5.431	-9.132	53	hoch	4	56	01. Apr 09	642654	22. Jan 09	57
105	81457	642655	Bsch-2	[At.Bsch-2.n].78-2	10.84895517	7.934782759	5.162087931	0.867263793	6.8529	14.9808278	-1.273169044	NA	0.046072276	-5.431	-9.132	51	hoch	4	38	01. Apr 09	642655	22. Jan 09	38
105	81458	642652	Bu-2	[At.Bu-2.n].59-1	16.86275421	13.39575926	8.459604377	1.513740741	7.679	20.60231654	1.180728166	1.180728166	0.046247698	-5.287	-9.999	51	hoch	4	43	01. Apr 09	642652	22. Jan 09	44
105	81459	642653	Bu-2	[At.Bu-2.n].59-2	15.79097841	12.6067691	8.405765781	1.543134551	10.0012	15.41588501	2.469589443	2.469589443	0.049781576	-5.287	-9.999	51	mittel	3	25	01. Apr 09	642653	22. Jan 09	19
105	81460	642764	Bur-0	[At.Bur-0.n].32-1	11.80994276	11.42564646	14.08442929	1.882976431	7.6919	-0.906143453	1.401081789	1.401081789	0.057178973	-6.186	-9.445	19	mittel	3	41	01. Apr 09	642764	22. Jan 09	44
105	81461	642765	Bur-0	[At.Bur-0.n].32-2	17.8295677	16.39827732	12.26120555	2.4728646	10.752	16.10415241	0.717083892	0.717083892	0.090443297	-6.186	-9.445	19	mittel	3	55	01. Apr 09	642765	22. Jan 09	50
105	81462	642855	C24	[At.C24.n].728.1-1	11.79919621	5.030876076	5.591209983	0.431788296	9.0353	12.71534991	1.207147213	1.207147213	0.043843773	-4.612	-5.93	63	gering	2	33	01. Apr 09	642855	22. Jan 09	39
105	81463	642856	C24	[At.C24.n].728.1-2	7.755431005	3.544020443	4.891	0.291531516	5.7588	12.5853804	0.414373675	0.414373675	0.059988071	-4.612	-5.93	63	gering	2	22	01. Apr 09	642856	22. Jan 09	20
105	81464	642766	Can-0	[At.Can-0.n].53-1	6.873416118	5.852434211	5.652299342	0.482957237	11.1584	8.259354765	-1.322176105	NA	0.040253753	-4.276	-5.774	53	mittel	3	29	01. Apr 09	642766	22. Jan 09	38
105	81465	642767	Can-0	[At.Can-0.n].53-2	28.59389773	20.12643669	8.778443182	1.638431818	6.3017	18.71428059	-2.473666168	NA	0.053920612	-4.276	-5.774	55	mittel	3	33	01. Apr 09	642767	22. Jan 09	34
105	81466	642650	Cl-0	[At.Cl-0.n].432-1	24.97632939	17.22087838	10.15686318	1.673820946	7.1661	15.47646325	-1.579008655	NA	0.062012539	NA	NA	51	hoch	4	39	01. Apr 09	642650	22. Jan 09	45
105	81467	642651	Cl-0	[At.Cl-0.n].432-2	20.66339746	16.86187477	9.964192377	1.891867514	8.9067	15.98398667	0.9165471	0.9165471	0.048950377	NA	NA	51	mittel	3	30	01. Apr 09	642651	22. Jan 09	32
105	81468	642853	Co	[At.Co.n].2.11-1	7.752718241	3.748697068	5.985180782	0.369929967	7.7224	17.61924701	2.10155988	2.10155988	0.081347743	-4.608	-6.497	63	gering	2	22	01. Apr 09	642853	22. Jan 09	26
105	81469	642854	Co	[At.Co.n].2.11-2	9.424227106	5.238320513	6.830946886	0.673122711	5.7991	8.980569903	2.483155297	2.483155297	0.048941246	-4.608	-6.497	63	gering	2	18	01. Apr 09	642854	22. Jan 09	19
105	81470	646404	Col-0	[At.Col-0.n].1.3362.3556	5.253100671	4.950211409	5.069095638	0.668746644	3.2433	8.028682277	2.494451082	2.494451082	0.036454981	-5.341	-9.675	51	hoch	4	14	01. Apr 09	646404	22. Jan 09	9
105	81471	646405	Col-0	[At.Col-0.n].1.3362.3557	6.414202247	3.678599251	4.841370787	0.80202809	4.3154	14.9421366	5.357749802	5.357749802	0.062200556	-5.341	-9.675	50	hoch	4	1	01. Apr 09	646405	22. Jan 09	0
105	81472	646406	Col-0	[At.Col-0.n].1.3362.3558	5.341244262	4.47684918	6.669393443	0.973377049	5.3125	12.49870714	3.402783738	3.402783738	0.05240395	-5.341	-9.675	52	hoch	4	5	01. Apr 09	646406	22. Jan 09	3
105	81473	646407	Col-0	[At.Col-0.n].1.3362.3559	5.058519774	3.711887006	4.462242938	0.560827684	2.6277	16.85892638	4.939189123	4.939189123	0.038801035	-5.341	-9.675	51	hoch	4	4	01. Apr 09	646407	22. Jan 09	0
105	81474	642670	Col-0	[At.Col-0.NULL].84-1	15.11077244	11.30616346	9.67849359	2.068998397	4.6576	16.19942065	-0.868754755	NA	0.060433291	-5.341	-9.675	53	sehr hoch	5	54	01. Apr 09	642670	22. Jan 09	50
105	81475	642671	Col-0	[At.Col-0.NULL].84-2	7.510125442	7.661733216	4.589743816	1.105097173	5.6367	10.54427551	-1.651542622	NA	0.060007614	-5.341	-9.675	52	sehr hoch	5	26	01. Apr 09	642671	22. Jan 09	18
105	81476	642827	Col-0	[At.Col-0-G1.n].1-1.1-1	11.26454499	10.67342445	7.468280136	1.455149406	5.233	12.74348867	-0.698154354	NA	0.102184643	-5.341	-9.675	53	hoch	4	20	01. Apr 09	642827	22. Jan 09	15
105	81477	642828	Col-0	[At.Col-0-G1.n].1-1.1-2	9.635952922	10.16470617	8.58011039	1.525709416	6.2964	13.33716559	-1.517488838	NA	0.055136867	-5.341	-9.675	53	sehr hoch	5	15	01. Apr 09	642828	22. Jan 09	16
105	81478	642768	Ct-1	[At.Ct-1.n].3-1	16.10017036	13.37421635	9.508979557	1.758616695	10.4969	4.725815379	1.529280424	1.529280424	0.071900596	-6.04	-10.03	55	hoch	4	37	01. Apr 09	642768	22. Jan 09	37
105	81479	642769	Ct-1	[At.Ct-1.n].3-2	16.89220315	13.64642382	7.824392294	1.153161121	11.0359	-1.356991719	0.999058631	0.999058631	0.062981104	-6.04	-10.03	55	mittel	3	29	01. Apr 09	642769	22. Jan 09	24
105	81480	642829	Cvi-G1	[At.Cvi-G1.n].1.1-1	6.991592233	5.235087379	5.799528155	0.698440777	7.9894	16.1825059	2.124315898	2.124315898	0.065950116	-4.98	-7.467	59	mittel	3	17	01. Apr 09	642829	22. Jan 09	24
105	81481	642830	Cvi-G1	[At.Cvi-G1.n].1.1-2	9.119600671	8.250194631	8.941595638	1.258687919	9.4293	19.14379248	3.921943263	3.921943263	0.063691461	-4.98	-7.467	59	mittel	3	19	01. Apr 09	642830	22. Jan 09	24
105	81482	642648	Da-0	[At.Da-0.n].81-1	7.982378641	7.639957929	7.401898058	0.887059871	2.838	10.61414658	2.405651852	2.405651852	0.030712064	NA	NA	50	hoch	4	30	01. Apr 09	642648	22. Jan 09	26
105	81483	642649	Da-0	[At.Da-0.n].81-2	10.02021951	10.08505923	10.93554007	1.304433798	14.6074	32.65520065	8.974937823	8.974937823	0.117472377	NA	NA	50	mittel	3	15	01. Apr 09	642649	22. Jan 09	8
105	81484	642674	Edi-0	[At.Edi-0.NULL].39-1	7.525126712	7.457549658	5.828364726	1.232167808	5.1936	9.61159306	1.87332652	1.87332652	0.041480384	-4.97	-8.906	52	mittel	3	19	01. Apr 09	642674	22. Jan 09	25
105	81485	642675	Edi-0	[At.Edi-0.NULL].39-2	7.584990164	6.822913115	7.330857377	1.000486885	6.5875	9.007989864	0.291462822	0.291462822	0.10276087	-4.97	-8.906	51	gering	2	12	01. Apr 09	642675	22. Jan 09	9
105	81486	642662	Ei-2	[At.Ei-2.n].95-1	10.3709291	11.30785634	14.60693843	1.928147388	9.3374	16.43129973	-2.964969003	NA	0.058241038	-6.692	-10.59	19	hoch	4	39	01. Apr 09	642662	22. Jan 09	39
105	81487	642663	Ei-2	[At.Ei-2.n].95-2	12.94223214	13.85071753	11.10377597	1.593991883	9.9087	21.21079827	-2.048698466	NA	0.033649705	-6.692	-10.59	51	mittel	3	27	01. Apr 09	642663	22. Jan 09	24
105	81488	642851	El-0	[At.El-0.n].4.1-1	15.50867472	11.99941078	8.561159851	1.915349442	9.5829	3.617059327	1.668564329	1.668564329	0.0359903	NA	NA	51	mittel	3	24	01. Apr 09	642851	22. Jan 09	22
105	81489	642852	El-0	[At.El-0.n].4.1-2	20.02484832	17.79626631	10.99427866	2.022262787	10.9808	27.84245489	3.545419849	3.545419849	0.082697285	NA	NA	51	mittel	3	12	01. Apr 09	642852	22. Jan 09	12
105	81490	642809	En-T	[At.Enkheim-T. n].2-1	20.85918102	17.24252548	9.018101933	1.794551845	6.3192	18.80478231	1.692675985	1.692675985	0.047343616	-6.1	-10.7	51	sehr hoch	5	50	01. Apr 09	642809	22. Jan 09	51
105	81491	642810	En-T	[At.Enkheim-T. n].2-2	9.690509061	8.770568369	6.857217463	0.964714992	10.3634	26.78724554	4.06650451	4.06650451	0.098693542	-6.1	-10.7	51	hoch	4	24	01. Apr 09	642810	22. Jan 09	12
105	81492	642849	Est-1	[At.Est-1.n].2.5-1	10.00276145	4.678042654	4.805227488	0.59863981	8.155	19.14609715	2.865589219	2.865589219	0.035229438	-6.436	-9.66	19	hoch	4	31	01. Apr 09	642849	22. Jan 09	31
105	81493	642850	Est-1	[At.Est-1.n].2.5-2	15.23312199	9.244393471	9.420302405	1.178627148	8.8659	13.30327816	2.217109564	2.217109564	0.032975912	-6.436	-9.66	19	hoch	4	15	01. Apr 09	642850	22. Jan 09	8
105	81494	642823	Ge-0	[At.Ge-0. n].2-1	16.1157837	16.0472163	7.672122257	1.260205329	4.0982	8.241819368	2.330239568	2.330239568	0.063022287	-5.069	-6.375	59	mittel	3	33	01. Apr 09	642823	22. Jan 09	36
105	81495	642824	Ge-0	[At.Ge-0. n].2-2	14.03830282	15.01558275	6.546309859	1.150052817	5.7399	13.42290732	2.041316398	2.041316398	0.067450489	-5.069	-6.375	55	gering	2	14	01. Apr 09	642824	22. Jan 09	11
105	81496	642847	Gol-1	[At.Gol-1.n].2.1-1	11.76758004	11.98706968	5.717173258	1.345608286	7.4503	13.46709084	6.250760033	6.250760033	0.04628004	NA	NA	51	sehr hoch	5	40	01. Apr 09	642847	22. Jan 09	39
105	81497	642848	Gol-1	[At.Gol-1.n].2.1-2	16.96663419	17.27693333	11.99515043	2.090495726	4.8897	18.08824719	0.639534016	0.639534016	0.070024456	NA	NA	51	sehr hoch	5	39	01. Apr 09	642848	22. Jan 09	36
105	81498	642770	Gr	[At.Gr.n].2-1	12.2273986	13.56388112	15.35127098	2.538337413	4.3018	10.84729545	-0.718903697	NA	0.049190734	NA	NA	51	hoch	4	37	01. Apr 09	642770	22. Jan 09	35
105	81499	642771	Gr	[At.Gr.n].2-2	8.779796078	11.3853902	9.167823529	1.834535294	8.0741	14.94943403	-2.987800705	NA	0.07926661	NA	NA	53	hoch	4	24	01. Apr 09	642771	22. Jan 09	7
105	81500	642676	Gre-0	[At.Gre-0.NULL].39-1	13.84900189	13.41236364	7.737767045	1.446522727	10.5216	13.99170132	1.700165926	1.700165926	0.045583168	-5.113	-9.357	51	hoch	4	37	01. Apr 09	642676	22. Jan 09	39
105	81501	642677	Gre-0	[At.Gre-0.NULL].39-2	19.00419503	16.41088145	6.778843212	1.884634799	8.6964	10.2802625	1.841553796	1.841553796	0.100087505	-5.113	-9.357	51	hoch	4	27	01. Apr 09	642677	22. Jan 09	28
105	81502	642646	Hl-3	[At.Hl-3.n].83-1	10.26020194	10.65471068	6.953821359	1.561246602	4.9201	11.1290619	1.743082736	1.743082736	0.039269689	NA	NA	50	hoch	4	27	01. Apr 09	642646	22. Jan 09	32
105	81503	642647	Hl-3	[At.Hl-3.n].83-2	12.81035453	13.382842	10.01278998	2.023541426	4.4844	18.3371018	2.107943521	2.107943521	0.044655063	NA	NA	51	hoch	4	42	01. Apr 09	642647	22. Jan 09	44
105	81504	642772	Ishikawa	[At.Ishikawa.n].2-1	7.716348057	9.001489399	7.367503534	0.731614841	4.828	15.35137831	1.701647765	1.701647765	0.025864163	-5.859	-8.695	51	gering	2	29	01. Apr 09	642772	22. Jan 09	40
105	81505	642773	Ishikawa	[At.Ishikawa.n].2-2	9.893163907	11.66832781	9.848943709	1.06289404	7.0255	14.38556312	1.377885071	1.377885071	0.04282427	-5.859	-8.695	51	gering	2	14	01. Apr 09	642773	22. Jan 09	13
105	81507	642644	Je54	[At.Je 54.n].78-1	10.23119525	10.87629202	6.534319185	1.674168081	2.7515	12.94433167	1.857423918	1.857423918	0.104291158	-5.28	-7.212	52	sehr hoch	5	40	01. Apr 09	642644	22. Jan 09	41
105	81508	642645	Je54	[At.Je 54.n].78-2	13.24926316	11.9996961	9.590616299	2.425322581	7.4289	16.96119178	3.968553795	3.968553795	0.111691678	-5.28	-7.212	55	hoch	4	45	01. Apr 09	642645	22. Jan 09	46
105	81509	642672	Jea	[At.Jea.NULL].38-1	10.88869101	6.873608614	9.184848315	1.700460674	3.1739	8.517793216	2.661512769	2.661512769	0.084202706	-5.122	-8.147	59	hoch	4	45	01. Apr 09	642672	22. Jan 09	53
105	81510	642673	Jea	[At.Jea.NULL].38-2	8.746676717	4.58039866	6.290040201	1.188768844	4.1418	10.98750852	0.188186424	0.188186424	0.139125458	-5.122	-8.147	55	hoch	4	38	01. Apr 09	642673	22. Jan 09	36
105	81511	642774	Jm-0	[At.Jm-0.n].2-1	9.365199234	7.229689655	12.03663218	1.760536398	3.4185	11.88630842	-1.665379498	NA	0.038312014	-5.489	-8.448	51	sehr hoch	5	36	01. Apr 09	642774	22. Jan 09	27
105	81512	642775	Jm-0	[At.Jm-0.n].2-2	10.57850984	8.573590551	12.64659449	1.796311024	7.7748	14.07682133	2.540074343	2.540074343	0.306159764	-5.489	-8.448	51	hoch	4	27	01. Apr 09	642775	22. Jan 09	22
105	81513	642642	Kl-0	[At.Kl-0.n].52-1	11.82448674	12.33797348	9.131202652	1.892306818	9.0961	13.09551549	-1.026710164	-1.026710164	0.078536441	NA	NA	51	mittel	3	5	01. Apr 09	642642	22. Jan 09	8
105	81514	642643	Kl-0	[At.Kl-0.n].52-2	6.761037037	6.826525926	9.103290741	1.479787037	6.9155	9.737556958	0.935217504	0.935217504	0.051026115	NA	NA	19	gering	2	23	01. Apr 09	642643	22. Jan 09	17
105	81515	642845	Kn-0	[At.Kn-0.n].2.1-1	7.007284526	6.538392679	8.191920133	1.444239601	9.0127	9.339717715	1.493656587	1.493656587	0.058195728	-6.567	-11.56	53	mittel	3	15	01. Apr 09	642845	22. Jan 09	13
105	81516	642846	Kn-0	[At.Kn-0.n].2.1-2	13.20468937	15.2570598	8.515523256	1.715250831	6.4428	-0.89410168	1.056324758	1.056324758	0.057041787	-6.567	-11.56	53	gering	2	15	01. Apr 09	642846	22. Jan 09	10
105	81517	642776	Kondara	[At.Kondara.x].2-1	13.89914862	14.90742202	10.93014495	2.036456881	9.2293	13.98937864	2.968042013	2.968042013	0.030100197	-5.514	-9.133	19	mittel	3	19	01. Apr 09	642776	22. Jan 09	18
105	81518	642777	Kondara	[At.Kondara.x].2-2	3.812245681	4.204930902	5.398493282	0.936573896	5.0165	9.411499361	0.843709071	0.843709071	0.042902476	-5.514	-9.133	19	gering	2	35	01. Apr 09	642777	22. Jan 09	37
105	81519	642843	La-er	[At.La_er.n].37.1-1	14.12655744	13.09803955	14.43146893	1.828730697	5.0619	13.91265216	2.06030638	2.06030638	0.038059322	-6.026	-8.937	51	hoch	4	6	01. Apr 09	642843	22. Jan 09	0
105	81520	642844	La-er	[At.La_er.n].37.1-2	9.72740868	10.55370163	11.68874141	2.490985533	5.3648	11.87567675	1.293788193	1.293788193	0.068110247	-6.026	-8.937	51	sehr hoch	5	20	01. Apr 09	642844	22. Jan 09	16
105	81521	642811	Lip-0	[At.Lip-0. n].2-1	13.27006336	12.77694863	8.949636986	0.959804795	5.6466	11.53805117	0.818059867	0.818059867	0.036152487	-4.973	-7.581	51	hoch	4	32	01. Apr 09	642811	22. Jan 09	33
105	81522	642812	Lip-0	[At.Lip-0. n].2-2	15.91026748	14.63279545	11.3961993	1.274463287	4.3549	12.47754905	0.350366089	0.350366089	0.023551764	-4.973	-7.581	50	mittel	3	38	01. Apr 09	642812	22. Jan 09	34
105	81523	642867	Lu	[At.Lu.n].2.1-1	10.25824	10.27996381	7.864910476	1.387460952	8.6957	10.88073527	0.230800191	0.230800191	0.038171271	NA	NA	51	hoch	4	25	01. Apr 09	642867	22. Jan 09	26
105	81524	642868	Lu	[At.Lu.n].2.1-2	8.532040925	9.543606762	5.380316726	0.92530605	6.3123	14.93052926	0.427097962	0.427097962	0.020883978	NA	NA	51	mittel	3	35	01. Apr 09	642868	22. Jan 09	30
105	81525	642778	Mh-1	[At.Mh-1.n].2-1	19.67675122	15.82652846	14.08337561	2.394169106	6.4139	12.16114365	0.776824329	0.776824329	0.066207232	-4.921	-8.412	52	mittel	3	33	01. Apr 09	642778	22. Jan 09	35
105	81526	642779	Mh-1	[At.Mh-1.n].2-2	8.677768293	7.406066202	6.046057491	1.007639373	4.9221	4.391806022	0.487192867	0.487192867	0.060405839	-4.921	-8.412	53	mittel	3	31	01. Apr 09	642779	22. Jan 09	22
105	81527	642780	Ms-0	[At.Ms-0.n].3-1	10.80329825	9.195596491	11.10211891	1.446861598	4.9825	12.13509542	0.77681805	0.77681805	0.039752235	-7.715	-11.89	53	mittel	3	22	01. Apr 09	642780	22. Jan 09	20
105	81528	642781	Ms-0	[At.Ms-0.n].3-2	7.553090253	6.832830325	9.579516245	1.098774368	3.2257	7.32788891	0.004171744	0.004171744	0.025341619	-7.715	-11.89	52	mittel	3	25	01. Apr 09	642781	22. Jan 09	17
105	81529	642782	Mt-0	[At.Mt-0.n].2-1	15.36278464	13.82326966	6.622707865	1.400501873	3.3678	14.112536	1.04304544	1.04304544	0.065540049	-5.552	-8.162	51	mittel	3	31	01. Apr 09	642782	22. Jan 09	31
105	81530	642783	Mt-0	[At.Mt-0.n].2-2	13.9618707	11.83792471	8.68886743	2.259346972	2.2506	10.65508733	0.198314403	0.198314403	0.056190954	-5.552	-8.162	51	hoch	4	46	01. Apr 09	642783	22. Jan 09	41
105	81531	642813	N13	[At.N13. n].2-1	8.983464837	9.384041166	7.124327616	1.318620926	3.441	12.43763262	0.615588351	0.615588351	0.040955181	-5.523	-11.9	52	gering	2	16	01. Apr 09	642813	22. Jan 09	14
105	81532	642814	N13	[At.N13. n].2-2	12.12848077	11.47168654	10.89325962	1.718069231	4.7026	9.889379238	0.61397761	0.61397761	0.033760018	-5.523	-11.9	51	gering	2	15	01. Apr 09	642814	22. Jan 09	5
105	81533	642680	N14	[At.N14.NULL].31-1	13.49134938	13.4566934	10.07118182	1.558634581	4.2694	11.09679849	0.63972907	0.63972907	0.049244028	-7.346	-12.1	50	gering	2	16	01. Apr 09	642680	22. Jan 09	17
105	81534	642681	N14	[At.N14.NULL].31-2	11.96885442	12.43870884	12.50944021	1.892185442	7.9812	10.88785933	0.415994895	0.415994895	0.071421162	-7.346	-12.1	51	gering	2	18	01. Apr 09	642681	22. Jan 09	17
105	81535	642784	N6	[At.N6.n].2-1	8.184505282	9.608038732	9.813559859	1.646269366	5.7495	7.949960401	1.120115436	1.120115436	0.032556548	-7.344	-11.83	51	mittel	3	10	01. Apr 09	642784	22. Jan 09	11
105	81536	642785	N6	[At.N6.n].2-2	9.514979167	11.69236932	9.159304924	1.644037879	3.2613	10.06335198	1.355047103	1.355047103	0.039958012	-7.344	-11.83	51	gering	2	18	01. Apr 09	642785	22. Jan 09	16
105	81537	642786	N7	[At.N7.n].2-1	21.57006931	17.48256271	9.533191419	2.276445545	5.1686	5.288427779	0.265329623	0.265329623	0.028726771	-6.676	-10.14	50	hoch	4	33	01. Apr 09	642786	22. Jan 09	33
105	81538	642787	N7	[At.N7.n].2-2	39.63057391	32.52734957	23.54594261	3.522038261	8.2312	12.61067794	0.830864283	0.830864283	0.084061993	-6.676	-10.14	51	mittel	3	35	01. Apr 09	642787	22. Jan 09	29
105	81539	642666	Nd-0	[At.Nd-0.n].138-1	15.92868275	14.63019852	8.341380334	1.576194805	6.8547	10.59811877	0.959863848	0.959863848	0.047309121	-6.358	-10.18	51	mittel	3	7	01. Apr 09	642666	22. Jan 09	7
105	81540	642667	Nd-0	[At.Nd-0.n].138-2	14.6675719	13.75149673	7.376084967	1.34453268	3.7533	7.750884042	0.392204337	0.392204337	0.039218716	-6.358	-10.18	51	gering	2	6	01. Apr 09	642667	22. Jan 09	6
105	81541	642788	Nok-1	[At.Nok-1.n].2-1	8.197185792	10.6335337	6.82504918	1.413404372	4.0157	-0.598629174	0.220710565	0.220710565	0.025097186	-6.657	-10.76	19	mittel	3	22	01. Apr 09	642788	22. Jan 09	25
105	81542	642789	Nok-1	[At.Nok-1.n].2-2	8.879079422	9.615400722	6.957187726	0.665308664	5.0483	17.61505163	1.076905987	1.076905987	0.110127332	-6.657	-10.76	50	gering	2	35	01. Apr 09	642789	22. Jan 09	36
105	81543	642660	Old-1	[At.Old-1.NULL].86-1	12.67075453	15.2862257	8.222375618	1.40285173	6.147	0.866912365	0.069078744	0.069078744	0.044777347	NA	NA	51	mittel	3	29	01. Apr 09	642660	22. Jan 09	30
105	81544	642661	Old-1	[At.Old-1.NULL].86-2	14.09550347	16.56900521	7.616614583	1.176024306	5.0952	17.63485203	0.760637693	0.760637693	0.035676796	NA	NA	51	gering	2	39	01. Apr 09	642661	22. Jan 09	39
105	81545	642831	Ost-0	[At.Ost-0.n].1.1-1	9.138462107	8.170116451	5.790885397	1.306829945	4.6487	10.8749698	1.10278358	1.10278358	0.076561883	-5.095	-8.076	55	hoch	4	32	01. Apr 09	642831	22. Jan 09	26
105	81546	642832	Ost-0	[At.Ost-0.n].1.1-2	8.746669342	9.247227929	6.499707865	1.257088283	3.6284	9.80950592	0.130899597	0.130899597	0.045165306	-5.095	-8.076	55	mittel	3	42	01. Apr 09	642832	22. Jan 09	34
105	81547	642821	Oy-1	[At.Oy-1.n].32.1-1	10.40063686	11.13717883	9.935675182	1.595379562	7.7394	19.26388858	0.076516054	0.076516054	0.050748811	-7.199	-11.48	50	hoch	4	34	01. Apr 09	642821	22. Jan 09	36
105	81548	642822	Oy-1	[At.Oy-1.n].32.1-2	8.809570922	7.117730496	9.251391844	1.285874113	5.1914	21.84987281	0.847069082	0.847069082	0.132532213	-7.199	-11.48	19	sehr hoch	5	15	01. Apr 09	642822	22. Jan 09	9
105	81549	642640	Petergof	[At.Petergof.n].85-1	15.98131551	13.44840463	22.39926381	3.354871658	5.1134	15.97302364	0.780975599	0.780975599	0.040665233	-6.133	-10.24	19	hoch	4	29	01. Apr 09	642640	22. Jan 09	27
105	81550	642641	Petergof	[At.Petergof.n].85-2	7.463595668	9.505703971	6.036781588	1.325624549	4.9742	17.40930837	0.933874754	0.933874754	0.018283616	-6.133	-10.24	19	mittel	3	14	01. Apr 09	642641	22. Jan 09	9
105	81551	642873	Pi-0	[At.Pi-0. n].2-1	10.96726549	12.50407788	9.333070796	2.102175221	8.5243	13.84256395	0.635200015	0.635200015	0.081842837	-6.607	-8.378	53	hoch	4	32	01. Apr 09	642873	22. Jan 09	31
105	81552	642874	Pi-0	[At.Pi-0. n].2-2	10.54308652	12.11588186	6.939539101	1.624415973	4.2093	12.44443152	0.597151428	0.597151428	0.066744024	-6.607	-8.378	55	hoch	4	29	01. Apr 09	642874	22. Jan 09	24
105	81553	642841	Pyl-1	[At.Pyl-1.n].2.1-1	5.477485019	6.31956367	7.019451311	0.596220974	6.9467	13.25874002	1.859180581	1.859180581	0.118571056	-5.307	-6.964	52	mittel	3	16	01. Apr 09	642841	22. Jan 09	15
105	81554	642842	Pyl-1	[At.Pyl-1.n].2.1-2	6.072550442	5.900449558	8.017483186	0.562279646	9.6875	14.54864567	1.897418996	1.897418996	0.149162324	-5.307	-6.964	51	gering	2	15	01. Apr 09	642842	22. Jan 09	12
105	81555	642790	Ran	[At.Ran.n].2-1	7.88285913	9.708276522	7.33706087	0.972008696	7.2649	17.26906304	1.037575507	1.037575507	0.14130919	-5.885	-6.344	51	gering	2	7	01. Apr 09	642790	22. Jan 09	11
105	81556	642791	Ran	[At.Ran.n].2-2	9.546978599	11.83819844	6.387682879	1.601677043	3.7231	12.11148629	1.314873967	1.314873967	0.061511717	-5.885	-6.344	52	hoch	4	46	01. Apr 09	642791	22. Jan 09	37
105	81557	642792	Ri-0	[At.Ri-0.n].2-1	9.807793103	6.440738245	4.357068966	1.173512539	1.6403	4.576540481	1.431917127	1.431917127	0.04600429	-5.985	-9.009	53	gering	2	20	01. Apr 09	642792	22. Jan 09	22
105	81558	642793	Ri-0	[At.Ri-0.n].2-2	11.21119704	10.56219704	7.393711002	1.408300493	3.7006	15.83703914	0.459193277	0.459193277	0.084618042	-5.985	-9.009	53	mittel	3	35	01. Apr 09	642793	22. Jan 09	31
105	81559	642875	Rld-2	[At.Rld-2. n].2-1	7.340929276	4.527940789	8.224080592	1.232506579	-0.8684	6.489586666	0.72060413	0.72060413	0.023996137	-4.777	-9.082	51	hoch	4	33	01. Apr 09	642875	22. Jan 09	38
105	81560	642876	Rld-2	[At.Rld-2. n].2-2	9.486512821	6.514358974	9.094117216	1.83468315	4.0774	9.731593128	0.802430973	0.802430973	0.02691518	-4.777	-9.082	51	hoch	4	51	01. Apr 09	642876	22. Jan 09	49
105	81561	642664	RRS-7	[At.RRS7.n].92-1	14.41333096	16.95947153	8.99352669	1.825236655	4.8242	13.91645664	0.920581163	0.920581163	0.044408402	-5.979	-10.78	51	hoch	4	39	01. Apr 09	642664	22. Jan 09	40
105	81562	642665	RRS-7	[At.RRS7.n].92-2	8.808800353	10.95916961	6.251432862	1.251111307	3.2621	10.0925548	0.774076521	0.774076521	0.029700783	-5.979	-10.78	50	hoch	4	34	01. Apr 09	642665	22. Jan 09	25
105	81563	642839	Rsch-0	[At.Rsch-0.n].2.11-1	13.30496941	15.4806501	14.16580306	2.534422562	3.5979	10.15955994	0.989228707	0.989228707	0.040791981	-5.23	-10.98	51	mittel	3	19	01. Apr 09	642839	22. Jan 09	16
105	81564	642840	Rsch-0	[At.Rsch-0.n].2.11-2	16.25913065	19.33830318	11.41312228	2.090078727	6.678	8.900251002	0.932975319	0.932975319	0.032837466	-5.23	-10.98	51	mittel	3	19	01. Apr 09	642840	22. Jan 09	16
105	81565	642794	Rubezhnoe-1	[At.Rubezhnoe-1.n].2-1	11.54638294	9.902978221	5.673876588	1.046528131	7.6435	12.53937301	4.606114034	4.606114034	0.06971328	-6.188	-10.71	52	gering	2	23	01. Apr 09	642794	22. Jan 09	23
105	81566	642795	Rubezhnoe-1	[At.Rubezhnoe-1.n].2-2	3.449802768	3.571562284	6.230238754	0.452070934	7.0555	7.122216847	1.100736277	1.100736277	0.053681908	-6.188	-10.71	53	mittel	3	45	01. Apr 09	642795	22. Jan 09	38
105	81567	642871	Sah-0	[At.Sah-0. n].2-1	18.88427258	13.35893103	10.93893268	2.157412151	14.312	15.64987697	1.630217455	1.630217455	0.065167948	-4.713	-5.401	51	gering	2	7	01. Apr 09	642871	22. Jan 09	7
105	81568	642872	Sah-0	[At.Sah-0. n].2-2	3.060080374	3.50811215	4.607065421	0.552403738	10.4227	13.12743232	0.818929554	0.818929554	0.040374241	-4.713	-5.401	52	mittel	3	19	01. Apr 09	642872	22. Jan 09	19
105	81569	642815	Sakata	[At.Sakata. n].2-1	3.407816112	3.854781086	3.478707531	3.300704028	11.1723	16.59156601	1.044843987	1.044843987	0.070042452	NA	NA	53	mittel	3	16	01. Apr 09	642815	22. Jan 09	18
105	81570	642816	Sakata	[At.Sakata. n].2-2	11.06669	13.018665	5.936105	1.143276667	9.3867	15.40970111	0.334015672	0.334015672	0.046713503	NA	NA	55	gering	2	10	01. Apr 09	642816	22. Jan 09	10
105	81571	642796	Sap-0	[At.Sap-0.n].3-1	14.25023598	18.5986441	7.062210832	1.103673114	6.3519	19.09617092	0.847441608	0.847441608	0.035866566	-5.372	-8.679	52	hoch	4	22	01. Apr 09	642796	22. Jan 09	24
105	81572	642797	Sap-0	[At.Sap-0.n].3-2	8.195273381	8.938291367	5.312356115	1.133660072	6.9037	11.70909777	0.716740395	0.716740395	0.059312673	-5.372	-8.679	53	sehr hoch	5	55	01. Apr 09	642797	22. Jan 09	45
105	81573	642668	Sav-0	[At.Sav-0.NULL].31-1	16.57713652	15.35435816	8.338799645	1.892131206	7.4653	16.09015607	1.057811909	1.057811909	0.041335874	-5.904	-9.203	51	hoch	4	22	01. Apr 09	642668	22. Jan 09	NA
105	81574	642669	Sav-0	[At.Sav-0.NULL].31-2	13.26293214	14.45911607	7.487807143	1.941051786	5.0879	17.62985779	0.853119576	0.853119576	0.037966861	-5.904	-9.203	52	hoch	4	28	01. Apr 09	642669	22. Jan 09	15
105	81575	642837	Sha	[At.Sha.n].3.1-1	10.02977759	11.20730862	6.843463793	1.672913793	3.2797	5.820275652	0.345533454	0.345533454	0.021697059	-6.278	-8.967	53	mittel	3	25	01. Apr 09	642837	22. Jan 09	29
105	81576	642838	Sha	[At.Sha.n].3.1-2	9.300246622	10.36846115	7.492548986	0.311628378	4.2058	8.397811756	0.807005004	0.807005004	0.029859927	-6.278	-8.967	51	gering	2	15	01. Apr 09	642838	22. Jan 09	14
105	81577	642817	Sorbo	[At.Sorbo. n].2-1	11.86342553	13.03703723	11.10832624	0.575886525	4.9568	7.60215245	0.636326256	0.636326256	0.051686499	-5.026	-9.499	19	mittel	3	23	01. Apr 09	642817	22. Jan 09	26
105	81578	642818	Sorbo	[At.Sorbo. n].2-2	18.29025181	19.10902355	20.89551993	2.860483696	8.9979	10.03879234	1.152582551	1.152582551	0.052782109	-5.026	-9.499	19	gering	2	9	01. Apr 09	642818	22. Jan 09	8
105	81579	642798	Sp-0	[At.Sp-0.n].2-1	16.29489168	18.09332302	16.46076596	2.321843327	8.6515	19.42687236	3.759524299	3.759524299	0.054988089	-5.278	-10.25	50	mittel	3	7	01. Apr 09	642798	22. Jan 09	8
105	81580	642799	Sp-0	[At.Sp-0.n].2-2	9.655181996	10.61252446	8.883704501	1.135970646	13.2477	17.20135737	1.400126948	1.400126948	0.046796836	-5.278	-10.25	51	hoch	4	12	01. Apr 09	642799	22. Jan 09	7
105	81581	642800	St-0	[At.St-0.n].22-1	14.88154312	15.2447633	11.62178349	1.862880734	10.3193	14.35054795	1.021993147	1.021993147	0.055917672	-6.259	-10.34	50	hoch	4	28	01. Apr 09	642800	22. Jan 09	20
105	81582	642801	St-0	[At.St-0.n].22-2	13.59063451	13.76737477	10.74146011	1.526814471	9.4626	23.0747867	1.400898928	1.400898928	0.066136037	-6.259	-10.34	52	mittel	3	21	01. Apr 09	642801	22. Jan 09	14
105	81583	642825	Stw-0	[At.Stw-0.n].1.1-1	16.26840067	15.10282997	8.298597643	1.564506734	9.1877	11.05597515	1.071086815	1.071086815	0.050435601	-6.922	-11.38	51	mittel	3	16	01. Apr 09	642825	22. Jan 09	14
105	81584	642826	Stw-0	[At.Stw-0.n].1.1-2	19.31532213	17.90870949	9.959156126	1.897175889	8.9726	11.85245143	0.865864251	0.865864251	0.055319077	-6.922	-11.38	52	mittel	3	21	01. Apr 09	642826	22. Jan 09	18
105	81585	642802	Ta-0	[At.Ta-0.n].2-1	7.391986971	8.784954397	6.940079805	1.340991857	1.5576	2.342133402	0.132818321	0.132818321	0.035930272	-7.498	-11.16	55	hoch	4	59	01. Apr 09	642802	22. Jan 09	63
105	81586	642803	Ta-0	[At.Ta-0.n].2-2	16.28151043	18.31225682	13.28543018	2.330004815	6.7454	12.91976269	0.703254111	0.703254111	0.065504937	-7.498	-11.16	53	hoch	4	46	01. Apr 09	642803	22. Jan 09	47
105	81587	642869	Te-0	[At.Te.n].1.192-1	3.395719361	4.663477798	6.310767318	1.105273535	5.6323	9.5389711	0.707828881	0.707828881	0.068666898	-7.001	-10.87	53	mittel	3	26	01. Apr 09	642869	22. Jan 09	27
105	81588	642870	Te-0	[At.Te.n].1.192-2	5.633238616	7.028069217	9.845655738	1.827415301	6.9314	15.49169255	0.653712219	0.653712219	0.088169827	-7.001	-10.87	52	mittel	3	30	01. Apr 09	642870	22. Jan 09	26
105	81589	642835	Tsu-9	[At.Tsu-0.n].2.2-1	16.63315412	18.59488967	8.263411559	1.535770578	2.1625	4.115453611	0.559138979	0.559138979	0.04009165	-5.443	-10.78	51	mittel	3	43	01. Apr 09	642835	22. Jan 09	45
105	81590	642836	Tsu-9	[At.Tsu-0.n].2.2-2	12.73551756	14.76993346	9.320060998	1.560292052	2.8687	12.7711544	0.443676626	0.443676626	0.053818683	-5.443	-10.78	53	mittel	3	30	01. Apr 09	642836	22. Jan 09	34
105	81591	642833	Ty-0	[At.Ty-0.n].2.1-1	8.814145485	10.76991806	12.48255853	1.928943144	2.3091	10.3149048	0.401386379	0.401386379	0.037733709	-5.592	-11.14	19	gering	2	39	01. Apr 09	642833	22. Jan 09	44
105	81592	642834	Ty-0	[At.Ty-0.n].2.1-2	13.80097353	16.43931002	10.83861626	1.864614367	6.7255	19.63258657	0.378845752	0.378845752	0.111460057	-5.592	-11.14	19	mittel	3	42	01. Apr 09	642834	22. Jan 09	46
105	81593	642638	Van-0	[At.Van-0.n].84-1	13.40147515	12.22736382	8.442224652	1.052906561	8.239	28.46522688	1.501162071	1.501162071	0.359730293	-6.029	-8.79	51	gering	2	24	01. Apr 09	642638	22. Jan 09	32
105	81594	642639	Van-0	[At.Van-0.n].84-2	11.54729866	0.321308725	6.708993289	1.163211409	6.0843	14.07878766	-0.461453713	-0.461453713	0.094385448	-6.029	-8.79	51	gering	2	14	01. Apr 09	642639	22. Jan 09	14
105	81595	642877	Ws	[At.Wassilewskija-B.x].a2-1	6.569651625	6.699021661	4.917864621	0.849449458	11.0064	13.39731491	0.790843522	0.790843522	0.058067526	-6.024	-10.62	52	hoch	4	37	01. Apr 09	642877	22. Jan 09	37
105	81596	642878	Ws	[At.Wassilewskija-B.x].a2-2	19.19421519	21.4091302	14.24519711	2.843374322	9.8503	17.13161699	0.505693862	0.505693862	0.062212207	-6.024	-10.62	52	mittel	3	14	01. Apr 09	642878	22. Jan 09	7
105	81597	642636	Wei-1	[At.Wei-1.n].85-1	14.19591304	13.76416446	9.64431758	1.819984877	3.2789	1.425669813	0.154159639	0.154159639	0.043843773	NA	NA	53	hoch	4	26	01. Apr 09	642636	22. Jan 09	22
105	81598	642637	Wei-1	[At.Wei-1.n].85-2	15.5115516	16.53653025	9.79511032	2.132709964	7.3761	12.69956949	0.356600361	0.356600361	0.062012539	NA	NA	53	mittel	3	19	01. Apr 09	642637	22. Jan 09	19
105	81599	642819	Yo-0	[At.Yo-0. n].11-1	11.44763339	10.23890534	5.420253012	1.390375215	4.9335	10.32244479	0.549515245	0.549515245	0.03266791	-5.595	-10.08	19	hoch	4	30	01. Apr 09	642819	22. Jan 09	33
105	81600	642820	Yo-0	[At.Yo-0. n].11-2	10.27440878	9.611761824	7.766358108	2.014371622	9.0896	7.627664709	0.606229744	0.606229744	0.032060904	-5.595	-10.08	50	sehr hoch	5	39	01. Apr 09	642820	22. Jan 09	45
